17 22 | 0 |
21 17 | 1 | 1
11 1 | 2 | 12 18
23 16 | 3 | 0 10 12
21 7 | 1 | 18
5 3 | 1 | 1
5 17 | 4 | 12 19 20 22
25 14 | 1 | 18
1 10 | 1 | 20
9 24 | 3 | 12 18 20
25 8 | 2 | 12 20
7 3 | 6 | 0 1 10 12 19 20
5 18 | 2 | 19 20
5 3 | 1 | 18
17 17 | 3 | 10 19 20
11 12 | 3 | 12 20 22
15 22 | 3 | 0 12 18
11 17 | 2 | 0 18
3 18 | 4 | 1 12 19 20
17 24 | 1 | 22
21 11 | 2 | 10 20
21 1 | 4 | 12 18 19 22
19 5 | 3 | 0 10 12
5 0 | 3 | 18 19 20
25 2 | 2 | 18 20
11 24 | 3 | 10 19 20
17 4 | 1 | 0
19 3 | 1 | 12
5 6 | 0 |
9 23 | 2 | 0 20
21 15 | 4 | 10 18 20 22
19 11 | 4 | 10 12 20 22
19 17 | 2 | 10 18
23 11 | 0 |
3 13 | 0 |
1 15 | 2 | 10 20
15 15 | 3 | 1 10 20
5 5 | 3 | 12 19 22
5 10 | 3 | 10 12 20
7 14 | 2 | 1 18
17 10 | 2 | 10 18
1 2 | 1 | 12
19 16 | 4 | 0 1 18 22
7 13 | 1 | 22
5 13 | 3 | 12 18 20
1 20 | 2 | 0 1
19 22 | 2 | 0 22
17 18 | 3 | 0 10 22
23 12 | 1 | 10
15 1 | 5 | 0 1 18 19 20
7 20 | 1 | 20
5 2 | 2 | 10 20
25 9 | 2 | 0 19
11 8 | 1 | 12
21 18 | 3 | 12 18 22
9 12 | 2 | 0 12
3 10 | 1 | 12
5 19 | 1 | 22
21 23 | 1 | 12
9 23 | 0 |
9 21 | 2 | 12 22
7 17 | 2 | 1 20
21 1 | 3 | 10 12 22
21 9 | 4 | 1 12 20 22
21 19 | 1 | 10
7 18 | 3 | 1 18 22
11 5 | 5 | 1 10 12 20 22
15 25 | 2 | 12 22
23 5 | 3 | 0 18 20
25 12 | 3 | 12 18 22
9 5 | 0 |
19 3 | 1 | 22
7 17 | 3 | 1 18 22
15 18 | 3 | 18 20 22
9 5 | 2 | 0 19
9 1 | 3 | 1 12 22
1 13 | 2 | 0 18
5 21 | 0 |
5 7 | 2 | 1 18
3 5 | 1 | 12
25 18 | 2 | 12 22
19 16 | 2 | 0 12
3 22 | 5 | 0 10 12 18 19
3 16 | 1 | 20
5 0 | 4 | 1 18 20 22
1 4 | 4 | 0 18 20 22
25 2 | 4 | 0 1 19 20
7 25 | 2 | 10 22
25 5 | 1 | 19
7 10 | 0 |
9 11 | 2 | 1 22
11 14 | 0 |
25 9 | 2 | 0 12
15 15 | 1 | 22
5 15 | 2 | 12 18
11 17 | 2 | 10 18
7 23 | 3 | 19 20 22
5 8 | 4 | 0 12 18 20
7 25 | 2 | 10 22
1 23 | 2 | 0 12
